   .text
11111000
00000000
00000000
00000100
00111000
00000000
00000000
00000100
01000000
10010110
00000001
00000100
00000000
00110111
01000010
00000100
11101000
00000000
00000000
00000110
01000000
00000000
00111110
00000100
00000000
00000000
00000000
00000100
11110011
11111111
11111111
11010100
11111000
00000000
01100000
00000100
00111000
00000000
10000000
00000100
11001000
00000100
00000001
00011100
00000100
00000000
00100101
00010100
11110000
00000000
00000000
01010101
00111000
00101100
01000000
00101001
11111000
00000000
10000001
00100010
00111000
10000100
00100000
00001100
01111001
00000100
01000000
00010100
00000000
00000000
00100011
00011100
11110011
11111111
11111111
01110100
00111000
01010011
11111111
00000100
00111000
00000000
00000000
00000100
   .data
